2033 979 580.0
2020 975 580.0
2019 963 580.0
2032 960 580.0
2030 990 590.0
2011 986 590.0
1999 984 590.0
1996 972 590.0
1994 960 590.0
2004 954 590.0
2020 950 590.0
2035 952 590.0
2017 1003 600.0
2007 992 600.0
2000 999 600.0
1991 1000 600.0
1980 995 600.0
1983 985 600.0
1987 976 600.0
1983 960 600.0
1989 945 600.0
2001 947 600.0
2012 944 600.0
2025 945 600.0
1970 1018 610.0
1976 1001 610.0
1970 993 610.0
1975 988 610.0
1977 972 610.0
1975 953 610.0
1986 939 610.0
2000 941 610.0
2010 941 610.0
2024 938 610.0
1948 955 620.0
1955 968 620.0
1968 964 620.0
1968 952 620.0
1972 943 620.0
1982 934 620.0
1993 933 620.0
2003 936 620.0
2019 932 620.0
1963 922 630.0
1970 928 630.0
1977 925 630.0
1987 922 630.0
1999 924 630.0
2012 924 630.0
2009 916 630.0
