17156.731592465752 8209.813784246575 575.0
17114.369292237443 8336.900684931506 590.0
17046.589611872143 8421.625285388127 600.0
16894.085331050228 8582.602026255707 605.0
16741.58105022831 8548.712186073059 610.0
16512.824628995433 8345.373144977168 615.0
16521.297089041094 8150.50656392694 620.0
16639.911529680365 7921.7501426940635 625.0
16707.69121004566 7828.55308219178 630.0
16826.30565068493 7760.773401826484 636.0
17012.699771689495 7837.025542237442 630.0
17097.424372146117 7947.16752283105 610.0
17156.731592465752 8065.781963470319 590.0
17154.73807245501 8215.794344278802 582.5
16516.544602809776 8259.813747247308 617.5
16671.414761399446 7878.433199080327 627.5
16828.86968464612 8568.109660388129 607.5
16586.31829404269 8025.108525709582 622.5
17069.294465275143 7910.598643898784 620.0
17091.776065449012 8365.142218417044 595.0
17032.832782416557 8436.146383146803 602.5
16723.371583861513 8532.525993747018 612.5
16991.9893138001 7828.55308219178 633.0
17150.67983529028 8053.678449119376 600.0
17156.731592465752 8147.2479254478385 582.5
17137.422264919827 8267.741766884348 586.25
16686.001712328765 7858.3761415525105 628.75
16528.650544929784 8136.324898998757 621.25
17065.99427842834 7906.308400997936 625.0
17125.891837899544 8004.102454337901 605.0
17102.343865075858 7957.006508690531 607.5
16639.911529680365 7845.498002283104 627.0
16826.30565068493 8040.364583333333 600.0
17038.117151826482 8235.23116438356 580.0
16885.612871004563 8311.48330479452 595.0
16461.98986872146 8252.176084474886 615.0
17241.456192922375 8201.341324200912 570.0
16792.415810502283 8175.923944063927 600.0
16673.801369863013 8125.0891837899535 620.0
16555.186929223742 7989.52982305936 622.0
17063.53453196347 8048.837043378995 590.0
17072.00699200913 7845.498002283104 625.0
16894.085331050228 8497.877425799086 600.0
16783.94335045662 8616.491866438355 608.0
17224.51127283105 8294.538384703195 580.0
17114.369292237443 8260.648544520547 580.0
17105.89683219178 8158.979023972602 580.0
17216.038812785388 8133.5616438356155 580.0
17199.09389269406 8387.735445205479 590.0
17038.117151826482 8353.84560502283 590.0
16936.447631278537 8336.900684931506 590.0
16911.03025114155 8235.23116438356 590.0
16894.085331050228 8133.5616438356155 590.0
16978.809931506847 8082.726883561643 590.0
17114.369292237443 8048.837043378995 590.0
17241.456192922375 8065.781963470319 590.0
17088.951912100456 8497.877425799086 600.0
17004.227311643834 8404.680365296803 600.0
16944.9200913242 8463.987585616438 600.0
16868.66795091324 8472.4600456621 600.0
16775.470890410958 8430.09774543379 600.0
16800.888270547945 8345.373144977168 600.0
16834.778110730593 8269.12100456621 600.0
16800.888270547945 8133.5616438356155 600.0
16851.723030821915 8006.474743150684 600.0
16953.392551369863 8023.419663242008 600.0
17046.589611872143 7998.002283105022 600.0
17156.731592465752 8006.474743150684 600.0
16690.746289954335 8624.964326484018 610.0
16741.58105022831 8480.932505707762 610.0
16690.746289954335 8413.152825342466 610.0
16733.10859018265 8370.790525114155 610.0
16750.05351027397 8235.23116438356 610.0
16733.10859018265 8074.254423515981 610.0
16826.30565068493 7955.639982876712 610.0
16944.9200913242 7972.584902968036 610.0
17029.64469178082 7972.584902968036 610.0
17148.25913242009 7947.16752283105 610.0
16504.352168949772 8091.199343607305 620.0
16563.659389269404 8201.341324200912 620.0
16673.801369863013 8167.451484018264 620.0
16673.801369863013 8065.781963470319 620.0
16707.69121004566 7989.52982305936 620.0
16792.415810502283 7913.277682648401 620.0
16885.612871004563 7904.805222602739 620.0
16970.337471461185 7930.2226027397255 620.0
17105.89683219178 7896.332762557077 620.0
16631.439069634704 7811.608162100456 630.0
16690.746289954335 7862.442922374428 630.0
16750.05351027397 7837.025542237442 630.0
16834.778110730593 7811.608162100456 630.0
16936.447631278537 7828.55308219178 630.0
17046.589611872143 7828.55308219178 630.0
17021.17223173516 7760.773401826484 630.0
17111.235642631513 8223.044749249382 580.0
16925.151017884324 8291.714231354645 590.0
16914.374643264837 8121.388056506847 590.0
16820.031067303826 8302.301852276429 600.0
16834.97629693049 8048.341577879248 600.0
16743.01741323359 8291.51994070661 610.0
16789.75778382129 8002.155449794072 610.0
16745.302598098835 7955.679573811505 620.0
16978.517777712168 8343.912376003778 590.0
16905.70325530446 8203.269189361004 590.0
17061.7403639538 8061.994275449905 590.0
16910.577524268883 8467.803426400362 600.0
16812.703077217124 8180.820870512334 600.0
16741.514337944485 8154.109027253429 610.0
17069.50984589041 7905.42950913242 622.5
17065.59174270938 7999.463985477118 602.5
17067.045641531946 7964.570413735652 608.75
