57 58
59 60
60 61
64 65
65 66
69 70
70 71
74 75
75 76
79 80
81 82
83 84
84 85
88 89
89 90
90 91
92 93
19 48
19 49
20 56
20 57
21 68
21 69
22 91
22 92
23 54
23 55
24 46
24 47
25 44
25 45
26 87
26 88
27 78
27 79
28 85
29 67
30 77
45 94
46 94
50 95
51 95
52 96
53 96
61 97
62 97
63 98
64 98
71 99
72 99
73 100
74 100
82 101
83 101
49 102
50 102
51 103
52 103
53 104
54 104
58 105
59 105
62 106
63 106
72 107
73 107
38 80
38 81
28 108
86 108
66 109
29 109
76 110
30 110
8 9
0 13
5 14
6 14
7 15
3 16
4 16
7 17
11 18
1 19
2 19
2 20
3 20
4 21
5 21
9 22
10 22
12 23
0 24
12 24
13 25
1 25
15 26
8 26
6 27
17 27
10 28
18 28
23 29
11 30
29 30
16 42
16 43
17 38
17 39
33 102
33 103
33 104
40 104
102 105
42 105
103 106
37 106
37 107
38 107
18 108
41 108
40 109
109 110
18 110
13 36
14 35
15 31
33 94
13 94
33 95
34 95
33 96
34 97
32 98
96 98
97 99
14 99
32 100
15 101
100 101
